[CameraSection]
simulate= 0
[CaptureSection]
width= 1280
height= 960
cameraId0= SHN000000
cameraId1= SHN000001
cameraId2= TOUP171025162502B6311A0EC2454186A
cameraId3= TOUP171025162617764C7E9CAC2E42844
packSize0= 2880
packSize1= 2880
packSize2= 2480
packSize3= 2480
[ExposureSection]
exposureTime0= 92.000000000000
exposureTime1= 92.000000000000
exposureTime2= 93.000000000000
exposureTime3= 93.000000000000
exposureTime4= 97.000000000000
exposureTime5= 97.000000000000
exposureTime6= 93.000000000000
exposureTime7= 93.000000000000
exposureTime8= 95.000000000000
exposureTime9= 95.000000000000
exposureTime10= 97.000000000000
exposureTime11= 97.000000000000
gain0= 0
gain1= 0
gain2= 0
gain3= 0
gain4= 0
gain5= 0
gain6= 0
gain7= 0
gain8= 0
gain9= 0
gain10= 0
gain11= 0
exposureTime_tex0= 328.0
exposureTime_tex1= 328.0
exposureTime_tex2= 328.0
exposureTime_tex3= 328.0
exposureTime_tex4= 162.0
exposureTime_tex5= 162.0
exposureTime_tex6= 162.0
exposureTime_tex7= 92.0
exposureTime_tex8= 95.0
exposureTime_tex9= 95.0
exposureTime_tex10= 95.0
exposureTime_tex11= 94.0
exposureTime_tex12= 96.0
exposureTime_tex13= 96.0
exposureTime_tex14= 96.0
gain_tex0= 25
gain_tex1= 25
gain_tex2= 25
gain_tex3= 25
gain_tex4= 30
gain_tex5= 30
gain_tex6= 30
gain_tex7= 0
gain_tex8= 0
gain_tex9= 0
gain_tex10= 0
gain_tex11= 0
gain_tex12= 0
gain_tex13= 0
gain_tex14= 0
CurExposureTime0= 33.66000000000000
CurExposureTime1= 33.66000000000000
CurExposureTime2= 33.66000000000000
CurGain0= 100
CurGain1= 100
CurGain2= 100
exposureType= 2
paramGroup= 0
doubleExposure= 0
firstExposureWeight= 0.500000000000
secondExposureWeight= 0.500000000000
FirstExposure0= 20.000000000000
FirstExposure1= 20.000000000000
SecondExposure0= 30.000000000000
SecondExposure1= 30.000000000000
LowExposure0= 245.0000000000000
LowExposure1= 245.0000000000000
MiddleExposure0= 368.0000000000000
MiddleExposure1= 368.00000000000000
HighExposure0= 490.000000000000
HighExposure1= 490.000000000000
CalibExposureTime0= 120.000000000000
CalibExposureTime1= 120.000000000000
FirstExpGain0= 100
FirstExpGain1= 100
SecondExpGain0= 100
SecondExpGain1= 100
LowGain0= 25
LowGain1= 25
MidGain0= 50
MidGain1= 50
HighGain0= 100
HighGain1= 100
CalibGain0= 200
CalibGain1= 200
[Default]
exposureCount= 8
exposure0= 94.600000000000
exposure1= 34.450000000000
exposure2= 51.650000000000
exposure3= 68.860000000000
exposure4= 86.160000000000
exposure5= 103.300000000000
exposure6= 120.550000000000
exposure7= 137.800000000000
[SnapSection]
highSpeed= 1
horBlanking= 0
VerBlanking= 0
waitSnapMSecond= 0
transSpeed= 8.000000000000
triggerMode= 1
strobeEnable= 0
strobeDelay= 0.000000000000
strobeTime= 0.000000000000
triggerOff= 10
binningsize= 2
binningwin2size= 5
binningwin3size= 3
binning2sigma= 1.0
binning3sigma= 1.0
